58
59
60
196
201
208
209
213
214
218
219
223
242
244
249
339
381
382
383
384
385
386
387
388
389
390
391
392
393
394
395
396
397
398
399
400
402
403
404
414
415
419
422
433
434
435
436
439
441
444
457
458
460
462
463
464
465
467
468
471
472
496
802
803
806
807
808
809
810
811
815
816
817
818
819
820
821
822
823
824
825
826
827
828
829
830
831
832
833
834
835
836
837
838
839
840
841
842
843
844
845
846
847
848
849
850
854
855
857
858
859
860
862
863
864
883
884
885
886
887
888
936
937
938
939
940
941
1076
1077
1078
1079
1080
1081
1082
1084
1085
1086
1087
1088
1089
1090
1091
1092
1093
1094
1095
1096
1097
1098
1099
1100
1101
1102
1103
1104
1105
1106
1107
1108
1109
1110
1111
1112
1113
1114
1115
1116
1117
1118
1119
1120
1121
1122
1123
1124
1125
1126
1127
1128
1129
1130
1131
1132
1133
1134
1135
1136
1137
1138
1139
1140
1141
1142
1143
1144
1145
1146
1147
1148
1149
1150
1151
1152
1153
1154
1155
1156
1157
1158
1159
1160
1161
1162
1163
1164
1165
1166
1167
1168
1169
1171
1172
1179
1180
1181
1182
1183
1184
1185
1199
1200
1201
1202
1203
1204
1205
1206
1207
1208
1223
1224
1225
1226
1227
1228
1229
1230
1231
1232
1301
1302
1336
1337
1338
1339
1340
1341
1342
1343
1344
1345
1346
1347
1367
1381
1382
1383
1384
1385
1406
1407
1408
1680
1860
1867
2960
2962
3199
3231
3248
3249
3268
3273
3279
3283
3286
3291
3309
3321
3326
3342
3346
3349
3358
3359
3442
3443
3511
3649
3651
3652
3653
3654
3655
3656
3657
3658
3659
3660
3661
3662
3663
3675
3676
3677
3678
3679
3680
3681
3683
3684
3686
3687
