408
409
411
412
414
415
416
417
418
419
420
432
433
434
435
436
437
438
439
440
441
442
443
444
446
584
652
653
736
737
746
749
753
769
774
786
804
809
812
816
822
827
846
847
864
896
1133
1135
2228
2235
2415
2687
2688
2689
2710
2711
2712
2713
2714
2728
2748
2749
2750
2751
2752
2753
2754
2755
2756
2757
2758
2759
2793
2794
2863
2864
2865
2866
2867
2868
2869
2870
2871
2872
2887
2888
2889
2890
2891
2892
2893
2894
2895
2896
2910
2911
2912
2913
2914
2915
2916
2923
2924
2926
2927
2928
2929
2930
2931
2932
2933
2934
2935
2936
2937
2938
2939
2940
2941
2942
2943
2944
2945
2946
2947
2948
2949
2950
2951
2952
2953
2954
2955
2956
2957
2958
2959
2960
2961
2962
2963
2964
2965
2966
2967
2968
2969
2970
2971
2972
2973
2974
2975
2976
2977
2978
2979
2980
2981
2982
2983
2984
2985
2986
2987
2988
2989
2990
2991
2992
2993
2994
2995
2996
2997
2998
2999
3000
3001
3002
3003
3004
3005
3006
3007
3008
3009
3010
3011
3013
3014
3015
3016
3017
3018
3019
3154
3155
3156
3157
3158
3159
3207
3208
3209
3210
3211
3212
3231
3232
3233
3235
3236
3237
3238
3240
3241
3245
3246
3247
3248
3249
3250
3251
3252
3253
3254
3255
3256
3257
3258
3259
3260
3261
3262
3263
3264
3265
3266
3267
3268
3269
3270
3271
3272
3273
3274
3275
3276
3277
3278
3279
3280
3284
3285
3286
3287
3288
3289
3292
3293
3599
3623
3624
3627
3628
3630
3631
3632
3633
3635
3637
3638
3651
3654
3656
3659
3660
3661
3662
3673
3676
3680
3681
3691
3692
3693
3695
3696
3697
3698
3699
3700
3701
3702
3703
3704
3705
3706
3707
3708
3709
3710
3711
3712
3713
3714
3756
3846
3851
3853
3872
3876
3877
3881
3882
3886
3887
3894
3899
4035
4036
4037
